id,species1,species2,species3,species4,species5,species6,species7,species8,species9,species10
sample_1,3.20E-07,4.14E-05,0.000749689,1.35E-13,0.402099403,1.42E-08,0.000714007,0.267637661,4.85E-10,0.328757555
sample_2,6.09E-10,6.38E-08,0.033392972,9.75E-16,0.001550787,1.03E-08,0.818480959,3.51E-05,4.04E-12,0.146540152
sample_3,4.36E-06,0.004340794,0.032027465,5.38E-12,0.958888664,2.65E-05,6.71E-06,0.002203151,5.94E-08,0.002502348
sample_4,1.20E-08,2.12E-07,2.46E-05,6.05E-15,0.002230291,1.36E-10,0.008207268,0.033416997,1.19E-11,0.956120572
sample_5,1.05E-08,5.29E-07,0.000106843,5.52E-15,0.009288396,5.17E-10,0.011508887,0.031038419,1.47E-11,0.948056916
sample_6,0.837661827,0.129854967,3.76E-05,0.001854708,1.26E-06,2.53E-06,1.44E-09,0.00125036,0.029336401,3.21E-07
sample_7,1.39E-07,2.21E-06,5.11E-05,5.57E-14,0.014357213,5.79E-10,0.001553824,0.27268671,1.09E-10,0.711348839
sample_8,0.013007613,0.968308693,0.000201114,2.02E-08,0.000273404,3.09E-06,2.61E-08,0.018131224,6.33E-05,1.15E-05
sample_9,5.67E-10,3.36E-09,4.39E-06,5.05E-16,1.46E-05,8.60E-12,0.528331348,0.000531756,6.88E-13,0.471117884
sample_10,1.41E-11,2.30E-10,2.80E-06,1.63E-17,4.87E-07,2.17E-12,0.990349646,1.71E-05,2.84E-14,0.009629935
sample_11,0.093612018,0.000927296,2.87E-06,0.899695109,2.11E-08,1.50E-07,9.67E-11,5.63E-05,0.005706168,1.43E-08
sample_12,1.57E-10,1.64E-08,0.002866836,2.05E-16,0.000244582,1.04E-09,0.92031586,3.52E-05,7.49E-13,0.076537512
sample_13,0.006527052,0.528473717,0.032272614,1.34E-06,0.000416637,0.392790047,5.46E-08,0.000220792,0.039286317,1.14E-05
sample_14,8.02E-07,0.00044822,0.083084375,1.47E-12,0.913458885,3.37E-05,1.10E-05,0.000276126,1.70E-08,0.002686877
sample_15,8.17E-09,1.06E-07,0.994602387,1.06E-13,0.00418027,5.47E-06,6.54E-05,1.62E-07,7.61E-10,0.00114623
sample_16,1.48E-07,5.45E-07,0.998000985,1.18E-11,0.001313338,0.000582331,1.91E-06,1.12E-07,1.17E-07,0.000100511
sample_17,0.000191136,9.36E-05,0.000305483,0.018865482,4.00E-08,0.04258776,1.48E-10,3.26E-07,0.937956153,1.28E-08
sample_18,1.35E-05,5.83E-06,0.00744704,4.53E-06,7.30E-07,0.965273151,1.51E-09,5.89E-08,0.02725499,1.24E-07
sample_19,9.50E-10,1.24E-08,1.11E-05,6.92E-16,8.93E-05,2.48E-11,0.221361774,0.002056195,1.21E-12,0.776481606
sample_20,1.72E-09,4.14E-08,0.946080353,8.97E-15,0.001804176,2.22E-07,0.029698481,7.93E-07,4.23E-11,0.022415933
sample_21,4.81E-10,3.32E-09,4.79E-06,4.26E-16,1.47E-05,8.96E-12,0.571355043,0.000518255,6.06E-13,0.428107195
sample_22,0.000716935,0.000303401,0.000150006,0.287302908,2.87E-08,0.003941927,1.35E-10,1.13E-06,0.707583655,1.19E-08
sample_23,0.039993627,0.00045209,1.75E-06,0.95592975,1.01E-08,1.05E-07,5.08E-11,2.57E-05,0.003596909,7.16E-09
sample_24,0.014606935,0.007618453,4.72E-05,0.286648541,7.32E-08,0.000113036,1.69E-10,1.28E-05,0.690952895,2.19E-08
sample_25,0.035001446,0.596018668,0.000950636,9.01E-05,8.34E-06,0.00375206,3.43E-09,0.000152704,0.364025347,6.71E-07
sample_26,2.89E-07,5.36E-05,0.506376017,1.04E-12,0.490284129,9.48E-05,2.48E-05,3.13E-05,1.20E-08,0.003134911
sample_27,5.89E-11,5.42E-09,0.000699253,7.34E-17,5.48E-05,2.54E-10,0.962203653,2.27E-05,2.45E-13,0.037019547
sample_28,0.002503929,0.00010357,1.46E-05,7.58E-10,0.000667328,1.92E-09,2.44E-06,0.994340407,1.97E-07,0.002367556
sample_29,1.79E-10,1.09E-09,2.77E-06,1.84E-16,3.44E-06,4.19E-12,0.856123929,0.000137751,2.47E-13,0.143732112
sample_30,1.18E-05,1.67E-05,1.49E-05,3.26E-12,0.003915719,7.08E-10,1.99E-05,0.971221324,3.17E-09,0.024799622
sample_31,8.73E-07,0.000753453,0.007207344,6.94E-13,0.983521847,1.43E-06,1.11E-05,0.003901139,5.76E-09,0.004602786
sample_32,8.59E-07,0.000738771,0.007080187,6.79E-13,0.983548629,1.38E-06,1.12E-05,0.003956643,5.62E-09,0.004662275
sample_33,1.97E-09,5.98E-08,0.940616941,9.07E-15,0.002929263,2.56E-07,0.028743883,1.21E-06,4.47E-11,0.027708382
sample_34,4.71E-11,2.67E-09,4.93E-05,4.65E-17,1.81E-05,3.33E-11,0.947427459,7.44E-05,1.23E-13,0.052430749
sample_35,8.38E-06,1.45E-05,0.116474313,2.04E-08,4.53E-05,0.883057282,2.87E-08,2.22E-07,0.00039715,2.78E-06
sample_36,0.000536312,0.000490093,8.26E-05,0.016950163,3.31E-08,0.004054216,7.69E-11,7.04E-07,0.977885848,8.29E-09
sample_37,6.32E-11,5.17E-09,0.004310735,1.06E-16,5.22E-05,8.47E-10,0.975241065,5.68E-06,3.82E-13,0.020390276
sample_38,0.000282105,0.000163122,0.000168829,0.029782514,3.14E-08,0.015012426,1.06E-10,4.34E-07,0.954590529,9.77E-09
sample_39,4.58E-06,0.004176282,0.006048126,2.98E-12,0.964786649,1.99E-06,9.50E-06,0.019946721,2.32E-08,0.005026128
sample_40,1.29E-05,0.001934053,0.000556928,4.13E-12,0.24144637,7.89E-08,1.47E-05,0.743032657,1.56E-08,0.013002349
sample_41,0.472408267,0.500020684,8.02E-05,0.000170071,3.78E-06,7.86E-06,2.48E-09,0.001666329,0.025642175,6.08E-07
sample_42,8.87E-10,6.49E-08,0.000240813,6.83E-16,0.00106528,3.44E-10,0.332594706,0.0018146,2.00E-12,0.664284536
sample_43,5.34E-09,3.87E-07,0.000197301,3.17E-15,0.008572111,6.80E-10,0.027119267,0.013515273,9.37E-12,0.950595655
sample_44,1.70E-07,3.00E-06,0.989418449,3.78E-12,0.00968224,0.000657506,3.15E-06,5.90E-07,4.69E-08,0.00023485
sample_45,0.0283793,0.000180915,1.02E-06,0.970009142,5.98E-09,4.22E-08,3.71E-11,1.97E-05,0.001409911,5.07E-09
sample_46,2.01E-11,2.57E-10,2.36E-06,2.32E-17,5.45E-07,2.08E-12,0.986421968,2.16E-05,3.77E-14,0.013553568
sample_47,3.98E-06,1.98E-05,0.872754773,7.82E-10,0.00123519,0.125931072,4.13E-07,7.19E-07,1.40E-05,4.01E-05
sample_48,5.71E-11,1.32E-09,7.97E-06,5.38E-17,5.75E-06,8.06E-12,0.932001613,0.000112839,1.07E-13,0.067871819
sample_49,1.07E-09,1.16E-07,0.001003472,9.12E-16,0.002598688,1.15E-09,0.38347765,0.00112012,3.11E-12,0.611799952
sample_50,2.08E-11,9.48E-10,1.98E-05,2.16E-17,4.46E-06,1.23E-11,0.977941408,3.35E-05,5.27E-14,0.022000807
sample_51,0.013599037,7.97E-05,3.62E-06,0.985545397,7.44E-09,9.96E-08,1.22E-10,3.25E-05,0.000739621,1.18E-08
sample_52,6.97E-06,0.003595653,0.002497919,3.16E-12,0.84789108,4.78E-07,1.68E-05,0.134658348,1.82E-08,0.011332683
sample_53,2.45E-09,3.47E-07,0.002841849,2.10E-15,0.011686173,3.89E-09,0.201415401,0.001581614,8.03E-12,0.782474609
sample_54,6.62E-09,4.03E-08,6.45E-06,3.86E-15,0.000293576,3.00E-11,0.014558475,0.009573878,5.56E-12,0.975567575
sample_55,3.08E-06,1.55E-05,2.39E-05,8.82E-13,0.009484397,8.92E-10,4.17E-05,0.942486264,1.26E-09,0.047945226
sample_56,1.18E-07,2.43E-05,0.001695228,6.05E-14,0.54670724,2.18E-08,0.001459114,0.067987664,2.54E-10,0.382126354
sample_57,7.65E-08,3.46E-05,0.039927695,1.03E-13,0.95027209,1.70E-06,5.94E-05,0.000217501,8.80E-10,0.00948691
sample_58,7.85E-10,9.34E-08,0.023000467,1.11E-15,0.002505238,9.27E-09,0.75473934,7.32E-05,4.59E-12,0.219681643
sample_59,3.32E-09,2.47E-08,6.64E-06,2.08E-15,0.00018503,2.47E-11,0.03226539,0.005462486,3.15E-12,0.962080427
sample_60,2.75E-07,1.63E-05,0.000264577,1.08E-13,0.126926795,4.22E-09,0.000903852,0.415281697,3.06E-10,0.456606495
sample_61,4.02E-09,4.42E-09,1.70E-06,3.73E-15,1.82E-05,5.99E-12,0.073981466,0.000650239,3.11E-12,0.925348376
sample_62,8.16E-10,1.03E-07,0.014745264,1.05E-15,0.002763345,7.04E-09,0.718317918,0.000113779,4.29E-12,0.264059584
sample_63,5.57E-08,1.09E-05,0.37626902,1.33E-13,0.608911447,7.07E-06,0.000208754,4.01E-05,1.16E-09,0.014552589
sample_64,1.82E-11,7.21E-10,1.34E-05,1.89E-17,3.00E-06,8.65E-12,0.980947081,3.06E-05,4.41E-14,0.019005969
sample_65,0.010688776,0.041264802,0.000204503,0.001305124,5.59E-07,0.001737323,4.92E-10,1.76E-05,0.944781186,7.72E-08
sample_66,5.30E-09,3.78E-07,0.878782165,1.56E-14,0.029746,5.79E-07,0.020423469,8.96E-06,8.97E-11,0.071038447
sample_67,2.09E-08,6.16E-07,5.66E-05,1.00E-14,0.007680906,3.63E-10,0.005755052,0.061932347,2.30E-11,0.924574432
sample_68,7.80E-06,2.12E-06,1.69E-05,3.54E-12,0.002369484,3.15E-10,0.000716331,0.313703236,2.01E-09,0.683184094
sample_69,6.47E-12,3.73E-10,4.22E-05,8.36E-18,1.24E-06,1.36E-11,0.996055032,4.85E-06,2.23E-14,0.003896652
sample_70,2.55E-09,1.02E-07,0.934187061,1.02E-14,0.005966191,3.33E-07,0.024181552,2.13E-06,5.32E-11,0.035662629
sample_71,2.91E-07,5.50E-06,0.988010915,6.99E-12,0.010355867,0.00141915,2.42E-06,8.03E-07,9.41E-08,0.000204963
sample_72,0.015866934,0.000707999,1.96E-05,4.85E-09,0.000390767,5.95E-09,5.65E-07,0.982568023,1.16E-06,0.000444928
sample_73,3.59E-08,1.39E-05,0.019557412,3.40E-14,0.904734029,2.14E-07,0.000694001,0.001050413,2.18E-10,0.073949963
sample_74,5.19E-08,1.19E-05,0.270759231,1.08E-13,0.711179574,4.67E-06,0.000242768,5.84E-05,9.20E-10,0.017743449
sample_75,1.03E-10,4.96E-09,0.032469838,2.70E-16,4.24E-05,3.35E-09,0.954644292,1.51E-06,9.59E-13,0.012841915
sample_76,9.72E-07,1.60E-05,5.91E-05,3.10E-13,0.030585242,1.57E-09,0.000147445,0.83410104,6.19E-10,0.135090169
sample_77,0.00096546,0.261480627,0.001989119,3.99E-10,0.087565015,2.56E-06,2.44E-06,0.646281837,1.85E-06,0.001711094
sample_78,1.73E-05,0.00047619,0.685666988,9.97E-10,0.006267744,0.307461501,5.31E-07,7.28E-06,2.45E-05,7.79E-05
sample_79,7.69E-12,2.81E-10,8.91E-06,8.86E-18,7.83E-07,4.62E-12,0.994050127,1.06E-05,1.99E-14,0.005929589
sample_80,3.93E-12,1.67E-10,1.86E-05,5.42E-18,2.92E-07,5.90E-12,0.998396115,3.24E-06,1.27E-14,0.001581727
sample_81,0.984105913,3.84E-05,3.24E-06,1.81E-05,3.56E-06,1.34E-09,4.49E-08,0.015798133,1.64E-05,1.62E-05
sample_82,4.17E-11,2.82E-10,1.73E-06,5.12E-17,5.35E-07,1.88E-12,0.978168787,2.53E-05,6.92E-14,0.021803648
sample_83,8.19E-12,1.54E-10,3.33E-06,1.02E-17,2.49E-07,2.06E-12,0.995932147,8.98E-06,1.84E-14,0.004055291
sample_84,0.0001036,5.47E-05,0.000534277,0.002765059,6.46E-08,0.166014594,1.95E-10,1.95E-07,0.830527509,1.71E-08
sample_85,6.09E-06,0.000241054,0.930144188,1.66E-10,0.018741894,0.050678053,1.23E-06,7.67E-06,3.39E-06,0.000176431
sample_86,7.75E-06,0.008133227,0.038391916,9.91E-12,0.948101378,4.40E-05,6.38E-06,0.002873131,1.13E-07,0.002442059
sample_87,3.25E-09,3.64E-09,1.75E-06,3.19E-15,1.43E-05,5.66E-12,0.116027983,0.000496027,2.66E-12,0.883459982
sample_88,3.18E-07,2.02E-05,0.920124931,2.78E-12,0.078539538,0.000526326,7.50E-06,4.67E-06,3.65E-08,0.000776477
sample_89,4.39E-09,1.29E-07,3.78E-05,2.48E-15,0.001733768,1.44E-10,0.023142738,0.014384032,5.60E-12,0.960701501
sample_90,0.011176863,0.987010077,0.00016727,1.81E-07,2.49E-05,2.58E-05,3.67E-09,0.000764253,0.000829518,1.14E-06
sample_91,1.69E-10,1.30E-08,0.021242032,3.27E-16,0.000182942,3.76E-09,0.94155843,6.41E-06,1.26E-12,0.037010167
sample_92,0.0040745,0.000621164,0.000170597,0.941163926,3.52E-08,0.000194505,4.32E-10,1.41E-05,0.053761142,3.22E-08
sample_93,6.68E-12,4.25E-10,0.000112633,9.62E-18,1.43E-06,2.68E-11,0.996855119,2.84E-06,2.74E-14,0.003027973
sample_94,3.86E-09,2.50E-07,0.000153399,2.34E-15,0.005083785,4.73E-10,0.037504444,0.010475059,6.68E-12,0.94678306
sample_95,5.52E-09,1.76E-07,0.981507112,3.35E-14,0.012333601,1.92E-06,0.000515962,7.21E-07,2.26E-10,0.005640499
sample_96,4.19E-05,0.001040383,0.079659067,7.26E-09,0.000401497,0.918598817,4.57E-08,4.11E-06,0.000246809,7.35E-06
sample_97,9.11E-08,4.05E-05,0.003897463,6.00E-14,0.941118964,9.33E-08,0.00018385,0.006486842,3.54E-10,0.048272174
sample_98,0.018569684,4.03E-05,1.41E-06,0.98103388,5.53E-09,2.19E-08,8.59E-11,3.11E-05,0.000323657,9.37E-09
sample_99,1.90E-07,5.00E-07,0.998238881,2.18E-11,0.000928632,0.000745378,1.64E-06,9.53E-08,2.07E-07,8.45E-05
sample_100,1.47E-09,9.48E-08,0.000163451,1.03E-15,0.001649104,3.17E-10,0.152405106,0.003708158,2.89E-12,0.842074085
sample_101,3.84E-12,1.73E-10,3.15E-05,5.64E-18,2.74E-07,8.28E-12,0.99873801,2.47E-06,1.36E-14,0.001227753
sample_102,0.000852501,0.005096089,0.00243388,2.67E-05,2.67E-06,0.558767523,1.53E-09,3.48E-06,0.432816945,2.15E-07
sample_103,2.98E-10,2.56E-08,0.029556942,5.43E-16,0.000461258,6.34E-09,0.903733919,1.21E-05,2.17E-12,0.066235743
sample_104,1.27E-11,8.54E-10,0.000755724,2.19E-17,3.76E-06,1.23E-10,0.995318422,1.87E-06,6.86E-14,0.003920225
sample_105,8.39E-11,6.52E-10,2.46E-06,8.92E-17,1.82E-06,3.15E-12,0.93296685,7.38E-05,1.28E-13,0.066955027
sample_106,0.050844647,0.944880158,9.84E-05,4.71E-07,2.42E-05,4.88E-06,5.17E-09,0.003362831,0.000782663,1.73E-06
sample_107,0.991973114,0.004164167,4.32E-06,0.001320773,2.97E-07,5.27E-08,6.71E-10,0.001183031,0.001354084,1.58E-07
sample_108,8.99E-06,1.12E-05,0.108218053,3.82E-08,3.12E-05,0.891069973,2.53E-08,1.84E-07,0.000657982,2.32E-06
sample_109,4.00E-11,7.48E-10,4.89E-06,3.97E-17,2.64E-06,4.81E-12,0.957309942,6.77E-05,7.37E-14,0.042614868
sample_110,2.70E-05,0.000279789,3.30E-05,6.42E-12,0.007946174,4.46E-09,2.48E-06,0.988976654,1.12E-08,0.00273494
sample_111,0.055748255,3.30E-05,1.06E-06,0.943933487,9.25E-09,8.15E-09,1.42E-10,6.52E-05,0.000218902,1.77E-08
sample_112,9.18E-09,4.98E-09,1.29E-06,8.90E-15,1.91E-05,5.59E-12,0.032596705,0.000627171,5.95E-12,0.966755679
sample_113,4.32E-05,0.008720657,0.000906846,1.44E-11,0.234971773,2.40E-07,8.41E-06,0.748220875,5.96E-08,0.0071279
sample_114,0.922173215,8.38E-05,1.65E-06,0.076822151,8.35E-08,4.91E-09,8.72E-10,0.000682054,0.000236854,1.61E-07
sample_115,6.88E-10,2.15E-08,3.68E-05,5.05E-16,0.000208641,6.43E-11,0.3326894,0.002001812,1.13E-12,0.665063374
sample_116,0.001442651,0.000150575,7.14E-06,0.988326777,3.91E-09,4.48E-06,3.23E-11,2.57E-06,0.010065807,2.97E-09
sample_117,6.33E-09,4.77E-07,0.885068351,1.87E-14,0.040812402,7.51E-07,0.012408353,9.27E-06,1.12E-10,0.061700391
sample_118,3.87E-12,1.55E-10,1.80E-05,5.45E-18,2.37E-07,5.61E-12,0.998610126,3.12E-06,1.25E-14,0.001368533
sample_119,2.12E-06,0.001156024,0.138208663,4.67E-12,0.857924498,0.000126861,8.84E-06,0.000327522,5.98E-08,0.002245413
sample_120,1.93E-05,0.000162512,2.74E-05,4.63E-12,0.007364412,3.05E-09,3.19E-06,0.988799138,7.61E-09,0.003623999
sample_121,2.84E-09,3.36E-09,1.83E-06,2.84E-15,1.29E-05,5.62E-12,0.147891528,0.000447849,2.40E-12,0.851645912
sample_122,5.53E-11,3.99E-09,0.000120608,5.71E-17,3.28E-05,6.98E-11,0.945682358,6.25E-05,1.66E-13,0.054101728
sample_123,1.63E-11,1.12E-09,0.001087495,2.83E-17,5.63E-06,1.75E-10,0.99394772,2.04E-06,9.10E-14,0.00495711
sample_124,1.71E-11,9.40E-10,0.002439102,3.63E-17,3.56E-06,2.76E-10,0.99448555,1.03E-06,1.14E-13,0.003070751
sample_125,0.086554243,0.456403607,0.000310664,0.000682655,2.81E-06,0.000456735,1.80E-09,0.000195637,0.4553933,3.45E-07
sample_126,0.001222308,0.948582285,0.030779046,7.66E-09,0.011905892,0.005430625,3.05E-07,0.001830842,0.000150039,9.87E-05
sample_127,3.05E-09,1.18E-08,3.65E-06,2.15E-15,7.00E-05,1.30E-11,0.046121586,0.00258781,2.67E-12,0.951216948
sample_128,2.17E-06,3.89E-05,5.16E-05,6.24E-13,0.027688327,2.24E-09,3.64E-05,0.933712457,1.28E-09,0.038470152
sample_129,4.70E-12,1.37E-10,7.49E-06,6.30E-18,1.95E-07,3.16E-12,0.998160414,4.77E-06,1.29E-14,0.001827125
sample_130,0.004036301,0.975701264,0.006319193,1.61E-07,0.000337229,0.009923174,2.83E-08,0.000369606,0.003305694,7.35E-06
sample_131,1.04E-10,4.89E-09,0.033686739,2.76E-16,4.14E-05,3.42E-09,0.953678273,1.45E-06,9.77E-13,0.012592133
sample_132,0.000181502,0.000183162,0.000232707,0.001574639,6.10E-08,0.055471304,1.21E-10,3.09E-07,0.942356304,1.25E-08
sample_133,0.482748687,0.492909862,7.74E-05,0.000146631,3.93E-06,6.97E-06,2.55E-09,0.001805482,0.022300407,6.33E-07
sample_134,1.01E-07,7.89E-06,0.866533254,5.79E-13,0.131335889,7.71E-05,2.61E-05,5.09E-06,6.26E-09,0.002014618
sample_135,0.000644161,0.000783934,8.33E-05,0.007116658,4.44E-08,0.004010913,8.35E-11,8.55E-07,0.987360119,9.62E-09
sample_136,2.97E-05,0.000796541,7.36E-05,7.46E-12,0.018722147,1.24E-08,2.87E-06,0.977397204,1.71E-08,0.002977918
sample_137,0.006558695,9.36E-05,7.41E-07,0.992119123,2.35E-09,5.66E-08,1.58E-11,5.66E-06,0.001222096,1.94E-09
sample_138,6.82E-12,3.23E-10,0.000360362,1.32E-17,4.14E-07,4.94E-11,0.998705007,1.28E-06,3.42E-14,0.000932933
sample_139,3.98E-12,1.46E-10,1.58E-05,5.67E-18,1.96E-07,5.08E-12,0.998714419,3.26E-06,1.25E-14,0.001266329
sample_140,0.003862154,0.009036627,0.000109089,0.003004098,1.69E-07,0.001542088,2.01E-10,5.25E-06,0.982440495,2.82E-08
sample_141,4.22E-09,5.16E-07,0.000888499,2.95E-15,0.016377779,2.14E-09,0.060467793,0.005485855,1.04E-11,0.916779552
sample_142,4.19E-09,1.15E-07,3.38E-05,2.37E-15,0.001487247,1.27E-10,0.024079669,0.013610978,5.25E-12,0.960788178
sample_143,7.72E-11,6.01E-09,0.000181553,7.91E-17,5.66E-05,1.08E-10,0.926852575,8.09E-05,2.37E-13,0.072828367
sample_144,0.988314561,0.000339731,2.66E-06,1.30E-05,1.60E-06,3.70E-09,5.64E-09,0.011285809,4.07E-05,1.95E-06
sample_145,9.56E-08,1.05E-07,0.999298103,1.64E-11,0.000462466,9.35E-05,4.63E-06,4.05E-08,9.95E-08,0.000141006
sample_146,2.04E-09,5.94E-08,0.954105642,9.87E-15,0.003086544,2.90E-07,0.019473361,1.03E-06,4.96E-11,0.023333071
sample_147,1.20E-05,7.78E-06,1.84E-05,3.96E-12,0.004022257,5.66E-10,0.000106698,0.868805094,3.02E-09,0.127027795
sample_148,3.92E-07,1.87E-05,0.953017554,4.57E-12,0.045477887,0.000986377,4.74E-06,3.18E-06,6.31E-08,0.000491113
sample_149,1.53E-08,2.28E-06,0.525763773,2.86E-14,0.22600852,7.64E-07,0.023674445,9.69E-05,1.73E-10,0.224453264
sample_150,2.13E-07,5.16E-07,0.998204177,2.73E-11,0.000854549,0.000859036,1.53E-06,9.43E-08,2.58E-07,7.96E-05
sample_151,5.99E-07,0.000201239,0.233937659,1.58E-12,0.762804219,8.32E-05,1.56E-05,9.90E-05,1.90E-08,0.002858439
sample_152,0.00860623,0.006627494,5.53E-05,0.104829262,7.54E-08,0.00023818,1.53E-10,8.21E-06,0.879635268,1.99E-08
sample_153,4.78E-09,4.11E-07,0.676891213,1.14E-14,0.025542105,3.05E-07,0.116523879,2.38E-05,5.92E-11,0.181018249
sample_154,0.005715191,0.058339242,0.001853049,9.26E-05,4.60E-06,0.079449097,2.33E-09,2.09E-05,0.854524994,3.75E-07
sample_155,0.175982099,0.506684365,0.000211231,1.41E-07,0.000512805,8.88E-07,1.16E-07,0.316429271,0.000121292,5.78E-05
sample_156,0.00921743,0.982561203,0.000696708,6.97E-07,3.10E-05,0.000662925,4.94E-09,0.000271229,0.006557508,1.27E-06
sample_157,0.011757185,3.85E-05,7.31E-07,0.987851183,3.00E-09,1.74E-08,3.41E-11,1.41E-05,0.000338272,3.97E-09
sample_158,0.146557195,0.707183932,0.00020795,0.000267442,3.71E-06,0.000114012,2.11E-09,0.000431062,0.145234248,4.49E-07
sample_159,5.39E-12,2.63E-10,0.000186902,9.64E-18,3.59E-07,2.99E-11,0.998871745,1.44E-06,2.48E-14,0.000939556
sample_160,3.69E-05,0.044789853,0.053018989,4.87E-11,0.892378449,0.000127911,6.08E-06,0.007140455,5.86E-07,0.002500793
sample_161,2.71E-09,2.36E-07,0.000330341,1.83E-15,0.005572298,7.64E-10,0.077507208,0.005529968,5.72E-12,0.911059946
sample_162,5.91E-11,3.07E-10,1.62E-06,7.49E-17,5.70E-07,1.91E-12,0.972257493,2.71E-05,9.35E-14,0.027713177
sample_163,1.09E-06,0.000501521,0.153782174,2.50E-12,0.842930829,8.77E-05,1.11E-05,0.000197479,3.09E-08,0.002488084
sample_164,3.82E-12,1.60E-10,2.28E-05,5.50E-18,2.45E-07,6.58E-12,0.998700437,2.81E-06,1.28E-14,0.001273741
sample_165,0.956693182,0.005326121,6.71E-06,0.031668014,1.92E-07,1.50E-07,5.47E-10,0.000652876,0.005652651,1.08E-07
sample_166,5.78E-07,5.68E-06,0.990587065,2.98E-11,0.003884046,0.005419975,1.18E-06,5.28E-07,4.28E-07,0.000100526
sample_167,0.019652292,0.001795461,6.39E-06,0.937929314,1.75E-08,2.09E-06,6.17E-11,1.41E-05,0.040600331,8.20E-09
sample_168,2.32E-09,1.35E-07,0.672203857,6.65E-15,0.00568769,1.66E-07,0.213638026,8.20E-06,3.17E-11,0.108461922
sample_169,2.64E-09,2.28E-07,0.000322813,1.79E-15,0.005318193,7.40E-10,0.079839514,0.005430082,5.56E-12,0.909089167
sample_170,8.88E-11,8.25E-09,0.000550672,1.00E-16,9.27E-05,2.56E-10,0.934276913,5.01E-05,3.31E-13,0.065029603
sample_171,0.268342941,0.670410686,0.000125438,0.000211671,3.71E-06,2.77E-05,2.23E-09,0.000855785,0.060021527,5.10E-07
sample_172,5.36E-05,4.55E-05,1.21E-05,1.32E-11,0.002034605,1.03E-09,4.11E-06,0.992923201,1.08E-08,0.004926827
sample_173,0.004592943,0.030790099,0.000644879,0.000219806,1.37E-06,0.020830881,9.06E-10,1.17E-05,0.942908187,1.40E-07
sample_174,3.56E-05,3.44E-05,0.001111012,2.35E-05,2.10E-07,0.850139539,3.09E-10,1.06E-07,0.148655573,3.06E-08
sample_175,1.17E-11,1.46E-10,3.30E-06,1.65E-17,1.55E-07,2.11E-12,0.996814251,8.24E-06,2.59E-14,0.003174055
sample_176,6.67E-12,1.60E-10,4.37E-06,8.23E-18,2.83E-07,2.43E-12,0.996379668,8.01E-06,1.60E-14,0.003607666
sample_177,0.913944311,0.000199783,8.02E-06,2.75E-06,1.72E-05,3.64E-09,1.06E-07,0.085761543,1.86E-05,4.77E-05
sample_178,9.78E-10,1.70E-08,1.58E-05,6.93E-16,0.000139674,3.50E-11,0.202231379,0.002517124,1.31E-12,0.795095969
sample_179,0.002608259,0.000539875,8.11E-06,0.934377802,7.55E-09,1.09E-05,3.19E-11,2.60E-06,0.0624524,3.54E-09
sample_180,3.91E-12,1.85E-10,3.26E-05,5.64E-18,3.30E-07,8.68E-12,0.998570193,2.53E-06,1.39E-14,0.00139435
sample_181,1.41E-10,1.42E-09,4.12E-06,1.34E-16,5.28E-06,5.73E-12,0.858754591,0.000179859,2.10E-13,0.141056151
sample_182,8.26E-12,2.99E-10,8.80E-06,9.41E-18,8.58E-07,4.71E-12,0.993391796,1.17E-05,2.11E-14,0.006586877
sample_183,7.87E-06,0.000115845,0.793328489,6.48E-10,0.003704006,0.202763835,5.01E-07,2.70E-06,1.42E-05,6.26E-05
sample_184,3.96E-09,2.40E-07,0.000132558,2.38E-15,0.004683784,4.22E-10,0.034794149,0.011203723,6.63E-12,0.949185542
sample_185,8.36E-05,0.044569208,0.462670796,3.49E-10,0.481484479,0.008515519,5.48E-06,0.001128583,6.34E-06,0.001535978
sample_186,3.91E-12,1.85E-10,3.21E-05,5.64E-18,3.34E-07,8.62E-12,0.998552154,2.56E-06,1.39E-14,0.001412811
sample_187,6.20E-09,6.56E-07,0.000505666,3.90E-15,0.0189044,1.63E-09,0.030522296,0.010769521,1.31E-11,0.939297453
sample_188,8.10E-08,4.99E-08,0.999352775,1.82E-11,0.000339662,2.63E-05,1.34E-05,3.07E-08,7.80E-08,0.000267608
sample_189,7.06E-05,0.000309131,0.001896747,1.36E-06,1.37E-06,0.963327632,7.43E-10,4.27E-07,0.034392657,9.65E-08
sample_190,5.27E-09,3.02E-09,1.35E-06,5.91E-15,1.07E-05,4.75E-12,0.094611421,0.000313904,3.96E-12,0.905062655
sample_191,1.06E-07,2.86E-06,8.40E-05,4.35E-14,0.024322085,8.96E-10,0.001894007,0.240788871,9.85E-11,0.732908075
sample_192,0.000128019,0.12717196,0.011606788,8.03E-11,0.731596708,1.33E-05,7.39E-06,0.12508736,6.29E-07,0.004387856
sample_193,3.10E-05,0.00027339,0.00539116,6.13E-08,7.53E-06,0.992059431,2.16E-09,5.29E-07,0.002236584,3.06E-07
sample_194,1.52E-10,1.46E-09,4.06E-06,1.45E-16,5.44E-06,5.76E-12,0.849158809,0.000188162,2.24E-13,0.150643531
sample_195,1.09E-08,9.28E-07,0.874294654,3.35E-14,0.088619706,1.71E-06,0.00269327,9.30E-06,2.27E-10,0.034380416
sample_196,1.31E-07,5.04E-05,0.002654277,7.60E-14,0.909751872,6.41E-08,0.000225438,0.016819173,4.09E-10,0.070498607
sample_197,4.82E-08,1.76E-05,0.00717936,3.52E-14,0.849483469,8.13E-08,0.000944476,0.004862308,1.97E-10,0.137512664
sample_198,1.28E-11,8.64E-10,8.07E-05,1.57E-17,4.31E-06,2.91E-11,0.990622244,9.34E-06,4.48E-14,0.009283374
sample_199,0.062708835,0.000139651,3.19E-05,3.84E-08,0.000556469,4.18E-09,5.92E-06,0.932002712,2.35E-06,0.004552107
sample_200,2.67E-11,1.74E-09,6.74E-05,2.89E-17,1.09E-05,3.43E-11,0.974546801,2.98E-05,8.07E-14,0.025345054
sample_201,6.73E-08,1.18E-06,0.989775482,1.20E-12,0.009705886,0.000158832,6.13E-06,4.11E-07,1.28E-08,0.000351998
sample_202,2.30E-07,1.23E-05,0.000228855,9.08E-14,0.101371996,3.35E-09,0.00107043,0.384414017,2.51E-10,0.512902162
sample_203,4.04E-07,0.00011078,0.302247181,1.15E-12,0.694270495,7.42E-05,2.04E-05,6.51E-05,1.35E-08,0.003211458
sample_204,0.004288994,0.994127974,0.000378414,5.45E-08,6.40E-05,8.14E-05,6.15E-09,0.000591307,0.00046582,1.93E-06
sample_205,4.38E-10,4.30E-09,6.69E-06,3.70E-16,2.16E-05,1.20E-11,0.562786427,0.000659848,5.85E-13,0.436525412
sample_206,1.40E-06,0.000453778,0.001379938,5.98E-13,0.820763192,9.42E-08,5.33E-05,0.143534847,2.91E-09,0.033813449
sample_207,0.989140522,0.002114374,3.48E-06,0.006476543,1.74E-07,4.06E-08,5.29E-10,0.000813367,0.001451384,1.14E-07
sample_208,3.29E-11,2.67E-09,0.001416789,5.11E-17,2.10E-05,3.03E-10,0.985385236,5.16E-06,1.74E-13,0.013171782
sample_209,4.76E-06,6.15E-05,0.887866886,3.68E-10,0.003831643,0.10815586,5.96E-07,1.92E-06,7.39E-06,6.94E-05
sample_210,3.92E-08,7.28E-08,4.58E-06,2.18E-14,0.000348866,3.26E-11,0.00437919,0.017815713,2.24E-11,0.97745154
sample_211,1.38E-06,0.001020009,0.003710033,8.32E-13,0.971448594,5.92E-07,1.47E-05,0.016314412,5.84E-09,0.007490286
sample_212,1.84E-08,6.11E-07,0.974785569,1.45E-13,0.023392816,1.41E-05,5.23E-05,7.72E-07,1.25E-09,0.0017538
sample_213,0.028518319,0.963452074,0.000123089,9.62E-08,6.88E-05,3.35E-06,1.03E-08,0.0076136,0.000216662,3.95E-06
sample_214,4.14E-08,1.52E-05,0.009846739,3.24E-14,0.848766887,9.97E-08,0.001114969,0.003286775,1.86E-10,0.136969322
sample_215,0.997341217,4.70E-05,1.13E-06,0.000265254,3.10E-07,1.33E-09,2.60E-09,0.00230757,3.68E-05,7.01E-07
sample_216,6.72E-05,0.000113921,0.001089167,1.68E-05,3.46E-07,0.82721836,3.66E-10,2.17E-07,0.171493924,4.06E-08
sample_217,4.23E-11,4.66E-10,2.60E-06,4.53E-17,1.24E-06,2.80E-12,0.964972469,4.72E-05,7.15E-14,0.034976525
sample_218,4.57E-11,3.16E-09,9.64E-05,4.74E-17,2.40E-05,5.50E-11,0.95455417,5.35E-05,1.36E-13,0.045271948
sample_219,0.005967204,5.36E-05,6.47E-07,0.993342902,1.99E-09,3.38E-08,1.70E-11,6.16E-06,0.000629407,1.99E-09
sample_220,1.49E-10,1.54E-08,0.003114649,1.99E-16,0.000226271,1.07E-09,0.926628028,3.03E-05,7.30E-13,0.070000695
sample_221,1.65E-11,2.31E-10,2.47E-06,1.92E-17,4.72E-07,2.04E-12,0.989228329,1.82E-05,3.20E-14,0.010750487
sample_222,2.56E-09,6.20E-08,2.63E-05,1.55E-15,0.000726998,8.33E-11,0.044163596,0.008093877,3.28E-12,0.946989132
sample_223,3.05E-10,5.30E-09,1.18E-05,2.51E-16,3.12E-05,1.80E-11,0.645259988,0.000663152,4.68E-13,0.354033864
sample_224,1.01E-11,1.65E-10,2.83E-06,1.25E-17,2.73E-07,1.93E-12,0.994809534,1.07E-05,2.16E-14,0.00517669
sample_225,1.30E-10,5.19E-09,3.24E-05,1.13E-16,3.73E-05,3.32E-11,0.83740379,0.00029778,2.69E-13,0.162228695
sample_226,1.00E-08,4.67E-07,0.960820998,5.19E-14,0.03273945,3.75E-06,0.000321648,1.54E-06,3.89E-10,0.006112133
sample_227,4.30E-06,0.004524123,0.011862188,3.64E-12,0.973104622,5.86E-06,7.48E-06,0.007082672,3.34E-08,0.003408722
sample_228,6.12E-05,0.000478487,0.003440697,2.58E-07,4.19E-06,0.987230308,1.47E-09,6.65E-07,0.008783971,2.08E-07
sample_229,0.239337543,0.012696545,1.90E-05,0.668500966,1.24E-07,2.67E-06,3.47E-10,0.000149538,0.079293608,5.41E-08
sample_230,5.47E-12,2.66E-10,0.000194331,9.82E-18,3.59E-07,3.08E-11,0.998869379,1.43E-06,2.53E-14,0.0009345
sample_231,3.89E-07,5.20E-05,0.710631661,1.92E-12,0.287133784,0.000245815,1.55E-05,1.82E-05,2.40E-08,0.001902711
sample_232,0.001419933,0.924598758,0.046966319,1.14E-08,0.012806349,0.012282249,3.55E-07,0.001573681,0.000243495,0.000108849
sample_233,1.04E-11,5.40E-10,2.46E-05,1.19E-17,2.14E-06,1.13E-11,0.991232305,1.22E-05,3.04E-14,0.008728745
sample_234,0.001749131,0.065838914,0.000291557,5.39E-10,0.010552537,2.77E-07,7.89E-07,0.920964957,1.33E-06,0.000600513
sample_235,2.56E-05,7.89E-06,0.005417296,5.62E-05,3.83E-07,0.873838269,1.16E-09,7.89E-08,0.120654151,8.90E-08
sample_236,1.05E-06,1.68E-05,0.98243321,4.09E-11,0.007030979,0.010392824,1.20E-06,1.18E-06,6.61E-07,0.00012213
sample_237,0.116056075,0.797933546,0.000202256,0.000105157,4.49E-06,0.000100778,2.19E-09,0.000452089,0.085145119,4.87E-07
sample_238,4.37E-11,1.23E-09,9.79E-06,4.18E-17,5.54E-06,8.87E-12,0.9478336,8.77E-05,8.81E-14,0.052063333
sample_239,7.63E-07,2.11E-05,9.81E-05,2.53E-13,0.055379026,2.47E-09,0.000205144,0.775478512,5.83E-10,0.168817398
sample_240,0.981048881,5.97E-05,3.28E-06,1.24E-05,3.67E-06,1.61E-09,3.46E-08,0.01884164,1.75E-05,1.29E-05
sample_241,0.000440262,0.525326864,0.116299308,1.00E-09,0.345258456,0.00198137,3.59E-06,0.009318179,1.54E-05,0.001356559
sample_242,0.003055933,0.99396607,0.000330182,1.03E-08,0.000210497,1.75E-05,1.36E-08,0.002342223,7.23E-05,5.24E-06
sample_243,4.45E-09,2.95E-07,0.875115872,1.33E-14,0.02120437,4.66E-07,0.029476036,7.94E-06,7.40E-11,0.074195013
sample_244,2.02E-09,1.97E-07,0.200716092,3.85E-15,0.007347334,6.43E-08,0.553075346,3.86E-05,1.76E-11,0.238822391
sample_245,2.10E-05,1.62E-05,0.001436974,1.22E-05,2.20E-07,0.918973814,3.52E-10,6.84E-08,0.079539508,3.32E-08
sample_246,3.73E-10,4.06E-08,0.001338504,3.82E-16,0.000721237,8.94E-10,0.754800998,0.000226827,1.33E-12,0.242912392
sample_247,4.10E-10,2.14E-08,0.134389044,1.09E-15,0.00035444,1.77E-08,0.821979356,3.66E-06,4.34E-12,0.043273459
sample_248,7.63E-09,2.62E-08,0.998106295,2.26E-13,0.000802692,2.58E-06,0.000108885,4.55E-08,1.18E-09,0.000979466
sample_249,0.200034794,0.517589716,0.000201561,1.75E-07,0.000436384,9.05E-07,1.03E-07,0.28154456,0.000141414,5.04E-05
sample_250,3.13E-07,0.00010365,0.193592624,7.43E-13,0.802474016,3.57E-05,2.22E-05,8.66E-05,8.26E-09,0.003684815
sample_251,2.80E-08,8.52E-06,0.061261243,3.20E-14,0.784467152,3.42E-07,0.002925716,0.000611704,2.02E-10,0.150725298
sample_252,6.78E-10,2.87E-09,3.47E-06,6.34E-16,1.14E-05,7.15E-12,0.51194059,0.000438121,7.81E-13,0.487606397
sample_253,3.77E-10,3.71E-08,0.000697895,3.57E-16,0.000601993,5.52E-10,0.712572047,0.00035014,1.18E-12,0.285777888
sample_254,4.74E-11,2.94E-10,1.69E-06,5.86E-17,5.59E-07,1.90E-12,0.975777968,2.65E-05,7.72E-14,0.024193298
sample_255,0.000294938,0.000597816,0.000558075,0.00020143,2.52E-07,0.182039447,2.93E-10,6.56E-07,0.81630735,3.45E-08
sample_256,2.80E-08,2.65E-07,1.67E-05,1.33E-14,0.00204347,1.17E-10,0.004391067,0.054444457,2.22E-11,0.939103996
sample_257,1.91E-05,1.08E-05,0.002023556,1.68E-05,2.36E-07,0.917284689,4.61E-10,6.12E-08,0.080644731,4.06E-08
sample_258,0.010602658,0.986177474,0.000145656,4.78E-08,6.35E-05,7.02E-06,7.32E-09,0.002818064,0.000182877,2.69E-06
sample_259,2.66E-09,2.46E-07,0.318272409,5.44E-15,0.010345149,1.04E-07,0.430537554,3.44E-05,2.56E-11,0.240810103
sample_260,1.50E-08,9.09E-09,1.50E-06,1.25E-14,3.67E-05,7.64E-12,0.015004213,0.001391009,8.81E-12,0.983566609
sample_261,2.96E-07,1.03E-07,0.999493476,2.01E-10,0.000238619,0.000123356,4.94E-06,3.83E-08,8.07E-07,0.000138365
sample_262,0.036555312,0.009586735,3.12E-05,0.624416649,7.47E-08,2.58E-05,1.90E-10,2.80E-05,0.329356325,2.60E-08
sample_263,8.60E-08,4.88E-05,0.009111999,7.65E-14,0.976311284,3.69E-07,5.72E-05,0.001072104,5.66E-10,0.013398196
sample_264,0.002144008,0.000448724,8.20E-06,0.938782472,6.80E-09,1.21E-05,3.01E-11,2.25E-06,0.058602279,3.27E-09
sample_265,6.12E-05,0.004416743,0.000237849,1.71E-11,0.048719357,6.36E-08,3.28E-06,0.943507996,5.19E-08,0.003053423
sample_266,9.60E-12,1.40E-10,3.55E-06,1.33E-17,1.56E-07,2.14E-12,0.997136029,7.64E-06,2.19E-14,0.002852627
sample_267,1.51E-10,5.14E-09,2.53E-05,1.29E-16,3.53E-05,2.83E-11,0.809365195,0.000361465,2.93E-13,0.190212745
sample_268,1.45E-05,7.71E-06,1.86E-05,4.87E-12,0.003831131,5.71E-10,0.000115111,0.858998046,3.48E-09,0.137014921
sample_269,0.001931756,8.14E-05,1.58E-06,0.995692309,1.90E-09,3.19E-07,1.52E-11,2.63E-06,0.002290008,1.57E-09
sample_270,0.816518497,0.16927015,3.69E-05,0.00028658,2.22E-06,1.68E-06,2.00E-09,0.002225551,0.011657948,4.98E-07
sample_271,2.37E-07,0.000146076,0.028418963,3.08E-13,0.96681894,3.78E-06,1.73E-05,0.0003719,2.93E-09,0.004222794
sample_272,0.996993655,3.68E-05,1.07E-06,0.001548287,1.80E-07,1.43E-09,1.86E-09,0.001367683,5.19E-05,4.39E-07
sample_273,0.038267365,0.952182132,0.000119371,1.30E-07,6.61E-05,3.00E-06,1.08E-08,0.009105678,0.000252124,4.14E-06
sample_274,9.76E-05,0.00564904,0.310602028,5.33E-09,0.004866716,0.678538811,3.00E-07,2.82E-05,0.000162669,5.46E-05
sample_275,1.99E-07,0.000104715,0.002973927,1.23E-13,0.966143214,1.37E-07,5.89E-05,0.008868384,7.59E-10,0.021850524
sample_276,1.29E-06,0.000976664,0.003912666,7.99E-13,0.973918321,6.32E-07,1.43E-05,0.014047516,5.70E-09,0.007128631
sample_277,4.50E-10,2.64E-08,0.000122914,3.62E-16,0.000318468,1.51E-10,0.548133885,0.00101096,9.83E-13,0.450413746
sample_278,4.41E-12,1.39E-10,8.93E-06,5.96E-18,2.01E-07,3.53E-12,0.998292888,4.35E-06,1.25E-14,0.00169363
sample_279,6.16E-12,1.33E-10,5.92E-06,8.61E-18,1.46E-07,2.78E-12,0.998186324,5.56E-06,1.59E-14,0.001802054
sample_280,2.81E-05,0.000127346,1.99E-05,6.59E-12,0.004447393,2.23E-09,2.63E-06,0.992347816,9.02E-09,0.003026799
sample_281,4.18E-11,3.64E-09,0.001155909,5.97E-17,3.26E-05,3.01E-10,0.978834885,9.00E-06,2.03E-13,0.019967609
sample_282,0.032785913,0.025978409,7.34E-05,0.072458259,1.89E-07,0.000143238,3.16E-10,3.00E-05,0.868530527,4.60E-08
sample_283,6.54E-11,3.43E-10,1.65E-06,8.09E-17,6.76E-07,2.01E-12,0.966823909,3.16E-05,1.02E-13,0.033142164
sample_284,4.28E-08,6.49E-06,0.001166261,2.33E-14,0.191714173,8.38E-09,0.005359211,0.045316484,8.82E-11,0.756437334
sample_285,0.004639442,0.992523049,0.000229453,1.74E-08,0.000124932,1.21E-05,1.01E-08,0.002367116,0.000100119,3.80E-06
sample_286,0.018022293,0.657566293,0.005189669,1.84E-05,4.29E-05,0.055980676,1.14E-08,0.000164393,0.263013107,2.24E-06
sample_287,1.82E-09,2.41E-07,0.002375735,1.59E-15,0.007204476,2.89E-09,0.274716342,0.001262069,5.92E-12,0.714441133
sample_288,4.92E-06,0.003602612,0.003842835,2.68E-12,0.939267208,9.31E-07,1.25E-05,0.04591807,1.82E-08,0.007350942
sample_289,5.99E-12,1.45E-10,1.03E-05,8.90E-18,1.32E-07,4.04E-12,0.99868705,4.79E-06,1.69E-14,0.001297713
sample_290,5.97E-07,0.000399995,0.003302891,3.68E-13,0.975537759,3.38E-07,2.11E-05,0.010999172,2.50E-09,0.009738112
sample_291,5.69E-12,2.83E-10,2.23E-05,7.15E-18,8.07E-07,8.16E-12,0.996424189,5.40E-06,1.79E-14,0.003547319
sample_292,3.90E-09,4.02E-09,1.66E-06,3.74E-15,1.61E-05,5.72E-12,0.085273429,0.000560891,3.05E-12,0.914147936
sample_293,1.77E-08,4.39E-07,4.27E-05,8.60E-15,0.005161308,2.62E-10,0.006311355,0.052367142,1.87E-11,0.936117011
sample_294,2.54E-06,5.29E-06,0.947664857,1.02E-09,0.000583322,0.051694928,4.43E-07,2.93E-07,1.39E-05,3.44E-05
sample_295,7.17E-12,1.57E-10,3.92E-06,8.88E-18,2.70E-07,2.27E-12,0.996214192,8.40E-06,1.68E-14,0.003773223
sample_296,7.06E-11,1.43E-09,7.25E-06,6.59E-17,6.20E-06,7.89E-12,0.91635924,0.000136198,1.26E-13,0.083491111
sample_297,2.67E-06,0.000140666,0.950666332,4.51E-11,0.036719467,0.012166515,2.12E-06,7.80E-06,8.05E-07,0.000293628
sample_298,0.912434429,0.001417756,3.85E-06,0.083216949,1.10E-07,5.13E-08,4.66E-10,0.000551684,0.002375082,8.76E-08
sample_299,0.062057329,6.87E-05,8.72E-07,0.937412871,8.27E-09,1.14E-08,7.98E-11,4.89E-05,0.000411271,1.10E-08
sample_300,0.005473854,0.986780219,0.001622876,2.72E-07,8.45E-05,0.001858038,9.68E-09,0.000294007,0.003883671,2.54E-06
sample_301,8.43E-08,7.99E-08,0.999341588,1.51E-11,0.000421813,5.93E-05,6.40E-06,3.61E-08,8.30E-08,0.000170589
sample_302,0.000330702,0.000138194,0.000312182,0.07707885,3.87E-08,0.022686894,1.79E-10,5.75E-07,0.899452549,1.49E-08
sample_303,3.44E-06,4.40E-06,0.936137992,2.69E-09,0.000364571,0.063427454,3.97E-07,2.47E-07,3.26E-05,2.89E-05
sample_304,0.011916498,0.110465525,0.000812028,0.000215671,2.85E-06,0.011777587,1.61E-09,3.42E-05,0.864775386,2.70E-07
sample_305,9.08E-06,9.69E-06,1.72E-05,2.78E-12,0.004379295,5.96E-10,6.04E-05,0.922382549,2.48E-09,0.073141865
sample_306,7.31E-12,3.53E-10,1.90E-05,8.69E-18,1.14E-06,8.09E-12,0.994574158,8.20E-06,2.16E-14,0.005397453
sample_307,1.31E-05,0.015368254,0.019554199,1.22E-11,0.952323295,1.84E-05,6.59E-06,0.009688868,1.22E-07,0.003027183
sample_308,2.15E-07,3.99E-06,0.988515198,4.85E-12,0.010342026,0.000909786,2.84E-06,6.93E-07,6.23E-08,0.000225186
sample_309,5.22E-12,1.65E-10,2.35E-05,8.15E-18,1.45E-07,6.94E-12,0.999008696,3.56E-06,1.70E-14,0.000964122
sample_310,5.69E-11,7.30E-10,3.52E-06,5.74E-17,2.35E-06,3.97E-12,0.944393582,7.77E-05,9.54E-14,0.055522799
sample_311,7.12E-06,1.85E-05,0.651574486,4.09E-09,0.000434925,0.347871538,2.21E-07,5.28E-07,7.22E-05,2.05E-05
sample_312,8.77E-10,1.11E-07,0.003416444,8.94E-16,0.002762237,2.61E-09,0.574833275,0.000391634,3.35E-12,0.418596295
sample_313,1.75E-11,1.36E-09,0.000316685,2.41E-17,8.24E-06,8.50E-11,0.990105585,6.16E-06,7.54E-14,0.00956333
sample_314,1.20E-08,1.27E-07,1.37E-05,6.21E-15,0.001096135,7.60E-11,0.008045965,0.0261328,1.06E-11,0.964711291
sample_315,0.001221672,0.026804856,0.010909403,1.81E-06,3.63E-05,0.902341654,8.89E-09,1.59E-05,0.058666842,1.50E-06
sample_316,0.090148603,0.00065975,2.33E-06,0.905210298,1.80E-08,1.01E-07,8.93E-11,5.46E-05,0.00392427,1.32E-08
sample_317,0.154014933,0.000413219,1.99E-06,0.843511466,2.14E-08,4.54E-08,1.27E-10,9.30E-05,0.001965298,1.92E-08
sample_318,0.996713277,0.000531116,1.76E-06,0.001341866,1.70E-07,8.89E-09,6.41E-10,0.001118236,0.000293418,1.52E-07
sample_319,0.05013447,5.12E-05,8.09E-07,0.94944637,7.12E-09,9.80E-09,7.66E-11,4.36E-05,0.000323526,1.02E-08
sample_320,2.66E-07,2.20E-07,0.999121639,9.11E-11,0.000360916,0.000433027,2.05E-06,5.24E-08,5.95E-07,8.12E-05
sample_321,6.17E-11,7.61E-10,3.49E-06,6.21E-17,2.46E-06,4.02E-12,0.939875571,8.26E-05,1.02E-13,0.060035865
sample_322,0.727554741,0.008900748,1.20E-05,0.242535797,1.76E-07,5.25E-07,5.30E-10,0.000433713,0.020562216,9.30E-08
sample_323,2.18E-05,6.46E-06,0.010579961,2.06E-05,7.59E-07,0.924596198,2.19E-09,8.01E-08,0.06477398,1.65E-07
sample_324,1.18E-05,1.22E-05,0.001756972,1.65E-06,3.48E-07,0.97778865,4.12E-10,5.31E-08,0.020428284,4.08E-08
sample_325,7.09E-11,3.36E-10,1.60E-06,8.97E-17,6.41E-07,1.98E-12,0.966672007,3.01E-05,1.09E-13,0.033295645
sample_326,0.000300503,0.00034174,0.000132387,0.003102152,4.77E-08,0.015793293,9.19E-11,4.55E-07,0.980329412,9.99E-09
sample_327,4.20E-11,3.22E-09,0.003107468,7.24E-17,2.68E-05,5.55E-10,0.983711293,3.86E-06,2.52E-13,0.01315061
sample_328,0.000109511,9.71E-05,0.00053937,0.000510389,1.05E-07,0.255596408,2.04E-10,2.21E-07,0.743146867,2.01E-08
sample_329,5.05E-10,1.20E-08,2.22E-05,3.86E-16,9.39E-05,3.69E-11,0.451846403,0.001343896,7.95E-13,0.54669361
sample_330,0.404575843,0.58600894,7.35E-05,1.56E-05,9.15E-06,3.19E-06,4.34E-09,0.004577733,0.004734758,1.27E-06
sample_331,1.50E-06,0.001100852,0.053485643,2.36E-12,0.942300449,3.05E-05,8.36E-06,0.000606534,2.70E-08,0.002466147
sample_332,1.20E-09,6.60E-08,0.388110182,3.33E-15,0.001809138,6.74E-08,0.520711362,6.59E-06,1.45E-11,0.089362597
sample_333,0.001159384,0.985292353,0.001685307,1.92E-09,0.003789476,3.77E-05,1.06E-07,0.007970658,1.81E-05,4.69E-05
sample_334,0.576874863,0.248697169,0.000105043,8.38E-07,0.000127799,4.94E-07,5.27E-08,0.173891774,0.000278844,2.31E-05
sample_335,7.31E-12,2.21E-10,6.05E-06,8.55E-18,5.22E-07,3.33E-12,0.994834748,1.00E-05,1.80E-14,0.005148669
sample_336,0.048388221,0.128848867,0.000181869,0.003519272,8.66E-07,0.000420635,8.02E-10,6.95E-05,0.818570656,1.36E-07
sample_337,0.65116664,0.169691563,7.14E-05,0.016162795,1.05E-06,1.20E-05,1.38E-09,0.000663354,0.162230874,2.65E-07
sample_338,8.20E-12,4.61E-10,0.000591917,1.54E-17,1.17E-06,8.00E-11,0.997692719,1.13E-06,4.48E-14,0.001713068
sample_339,0.00181536,9.33E-05,1.52E-06,0.995041362,1.87E-09,3.82E-07,1.33E-11,2.21E-06,0.003045861,1.40E-09
sample_340,0.001098464,0.001618051,8.00E-05,0.005901292,6.01E-08,0.002536413,9.84E-11,1.42E-06,0.988764295,1.21E-08
sample_341,5.52E-05,1.61E-05,0.002511162,0.000909331,1.60E-07,0.561197875,6.35E-10,1.30E-07,0.435310006,4.78E-08
sample_342,2.25E-05,7.72E-06,0.004706359,3.69E-05,3.65E-07,0.895802545,1.01E-09,7.12E-08,0.099423464,7.90E-08
sample_343,2.16E-09,7.49E-08,0.933485966,9.21E-15,0.003883251,2.75E-07,0.030137508,1.62E-06,4.63E-11,0.032491307
sample_344,2.54E-05,0.022386206,0.13548057,5.21E-11,0.83747889,0.000501216,6.31E-06,0.00201349,7.37E-07,0.002107151
sample_345,0.000101633,1.60E-05,1.64E-05,3.32E-11,0.00217712,7.79E-10,3.38E-05,0.956692359,1.54E-08,0.040962754
sample_346,6.88E-10,6.05E-09,6.81E-06,5.55E-16,3.32E-05,1.39E-11,0.386038203,0.001016916,8.55E-13,0.612904897
sample_347,0.001851358,0.992776618,0.002887568,1.84E-08,0.000595064,0.000874389,3.03E-08,0.000710672,0.000294757,9.53E-06
sample_348,4.17E-08,5.71E-08,3.75E-06,2.43E-14,0.000255239,2.65E-11,0.004522198,0.013268732,2.28E-11,0.981949987
sample_349,4.01E-11,6.07E-10,3.68E-06,4.09E-17,1.91E-06,3.75E-12,0.960737112,5.88E-05,7.12E-14,0.039198478
sample_350,0.004772623,0.002269573,3.83E-05,0.440695045,3.36E-08,0.000158087,9.74E-11,4.66E-06,0.55206162,1.14E-08
sample_351,6.49E-06,8.05E-06,0.015227254,7.82E-08,3.90E-06,0.983296537,3.29E-09,7.44E-08,0.001457291,3.20E-07
sample_352,4.40E-11,6.13E-10,3.46E-06,4.50E-17,1.90E-06,3.65E-12,0.957729542,6.14E-05,7.64E-14,0.042203665
